39 300 HW 68
39 368 FT 12
39 380 Breakfast 15
39 395 ST2 61
39 456 FT 24
39 480 School 450
39 930 FT 10
39 940 Shower 10
39 950 FT 10
39 960 Lunch 30
39 990 ST3 42
39 1032 C 56
39 1088 FT 8
39 1096 MT 25
39 1121 ST 39
39 1160 PA+Dinner 80
39 1240 Python 53
39 1293 FT 27
39 1320 Sleep 420
39 1740 D 40
39 1780 FT 10
39 1790 PA+Breakfast 85
39 1875 HW 40
39 1915 FT 5
39 1920 School 450
39 2370 FT 10
39 2380 Shower 10
39 2390 FT 10
39 2400 Lunch 30
39 2430 oPop 64
39 2494 C++ 72
39 2566 FT 14
39 2580 PA+Dinner 90
39 2670 PP 57
39 2727 BL 64
39 2791 FT 29
39 2820 Sleep 340
39 3160 FT 20
39 3180 - 0
